function GluInsFig(No)
% No: mouse number
%     No 1~10:  CD14wk
%     No 11~23: HFD10wk
%     No 23~38: HFD14wk
%     No 39~51: HFD18wk
%     No 52~61: HFD28wk
%     No 62~72: HFD36wk

time = [0	1	2	3	5	10	15	20	25	30	35	40	45	50	55	60	65	70	80	90	100	110	120	130	140	150	160	170	180];

GluData = [
140	168	200	218	230	316	361	430	367	390	354	369	373	319	334	315	319	322	295	321	313	305	318	320	311	294	311	325	318
110	123	123	128	155	197	232	247	271	267	257	294	304	284	300	295	277	312	290	299	309	267	271	302	271	285	252	262	282
141	172	192	203	255	286	316	388	400	362	381	337	349	318	315	311	324	316	332	322	314	327	321	331	303	321	286	309	356
112	138	144	151	177	240	302	362	357	365	340	315	316	314	317	305	254	270	283	281	287	304	291	274	274	291	264	263	324
133	153	160	174	203	259	324	380	382	405	371	354	358	317	310	287	277	264	299	316	263	287	316	296	328	345	323	279	298
114	124	135	132	142	168	185	230	239	304	291	280	297	355	337	359	340	343	348	386	361	327	326	300	278	278	258	273	276
99	138	152	186	185	260	230	318	306	310	322	321	318	303	291	282	299	293	281	271	281	271	309	310	297	294	291	272	291
99	120	134	143	172	201	278	296	323	331	309	313	323	284	282	295	300	293	273	297	308	317	309	320	301	297	277	286	318
106	136	134	172	173	211	199	303	268	329	312	305	346	325	316	327	332	317	327	306	287	246	251	257	265	291	284	263	289
133	163	175	202	236	295	304	362	327	367	298	298	282	291	285	297	262	282	281	277	291	298	302	271	297	368	309	319	293
177	193	218	246	251	312	374	423	435	436	430	433	430	448	439	420	415	423	383	399	380	385	362	378	389	379	363	328	370
179	224	217	216	244	303	351	384	395	368	394	393	403	420	408	405	401	399	424	420	404	388	385	359	364	336	327	367	404
218	242	268	272	288	345	361	404	379	407	424	424	430	427	392	395	397	402	366	403	349	365	390	343	371	435	450	405	376
168	183	194	218	218	344	321	365	343	363	324	310	309	298	319	333	356	340	357	359	348	346	298	288	316	326	301	333	351
175	187	193	198	196	232	269	297	304	338	352	339	325	305	329	326	316	309	312	333	321	298	321	295	288	292	261	264	294
169	193	209	215	259	312	331	381	356	378	384	386	370	391	392	401	364	355	349	322	312	326	357	338	365	331	376	374	345
209	234	263	253	268	337	361	379	421	417	400	429	434	412	397	397	381	368	362	395	372	384	427	389	400	381	371	362	374
192	193	213	229	266	309	331	384	333	401	359	388	383	361	359	374	364	374	335	371	369	328	361	321	343	360	387	353	404
169	181	203	204	222	291	294	315	343	377	328	316	334	340	302	271	319	355	316	333	327	321	319	318	305	334	322	343	339
183	206	240	228	251	300	313	329	290	387	373	336	355	277	320	342	346	322	369	392	334	333	312	301	319	279	442	409	427
144	156	163	172	199	277	308	351	354	341	344	313	302	354	327	370	354	309	315	339	309	320	311	330	311	345	325	324	274
178	187	190	192	207	216	256	275	310	326	355	332	353	360	361	366	332	305	295	321	325	299	352	318	234	298	300	251	277
178	185	191	189	198	226	289	294	270	348	332	340	380	362	362	350	318	344	344	344	327	352	305	306	323	324	297	208	317
200	221	238	245	279	355	366	420	440	444	392	426	398	397	422	403	388	388	403	365	389	386	382	368	374	388	382	373	396
224	242	246	268	273	319	318	371	371	385	358	387	380	387	405	412	408	397	405	418	410	359	410	432	386	373	321	325	411
222	223	221	238	295	350	366	464	416	390	395	365	415	378	383	419	356	384	413	483	465	409	420	363	319	383	383	386	370
247	251	274	282	284	309	346	358	435	418	423	440	454	434	439	432	429	418	397	407	390	405	382	400	355	364	332	342	418
206	245	269	252	306	354	340	394	319	344	310	359	365	390	377	383	355	374	370	358	336	324	321	332	331	355	321	354	383
244	264	274	299	342	377	434	534	488	506	499	488	477	459	445	453	429	411	428	409	424	397	439	430	399	421	427	394	447
225	247	225	272	299	346	384	450	465	421	385	376	392	395	372	389	383	396	362	355	339	327	333	326	332	316	324	341	321
177	177	183	211	215	247	287	304	328	363	353	345	353	350	366	366	352	369	342	331	334	322	316	335	297	365	397	343	324
208	235	268	296	305	335	391	424	437	409	436	391	429	374	380	389	393	409	401	427	444	444	429	418	409	335	359	384	395
246	308	317	327	343	400	415	483	474	468	457	418	458	425	397	396	397	393	417	381	344	356	344	393	398	419	375	371	432
228	271	294	300	328	387	448	445	472	459	434	411	420	419	419	424	435	405	424	391	420	328	360	390	340	327	365	371	377
221	242	284	303	320	387	428	464	451	442	420	461	415	415	393	413	403	383	404	370	356	377	379	351	327	323	324	330	346
251	293	301	350	352	412	484	519	511	467	490	466	464	452	447	419	464	440	462	456	461	437	452	438	426	397	417	378	467
179	182	229	241	272	312	314	333	384	414	383	352	384	367	363	368	329	351	343	396	377	378	403	336	335	358	339	336	334
193	240	259	256	317	362	386	423	489	395	402	409	416	412	397	372	397	387	399	367	355	382	374	395	390	379	389	411	387
210	256	284	309	270	307	383	399	400	347	346	405	417	430	434	403	390	390	360	400	372	392	392	352	351	369	369	400	404
242	264	279	295	350	414	417	492	432	458	489	452	480	475	422	451	437	409	392	349	403	379	416	379	398	436	422	395	420
248	293	315	331	326	429	473	530	504	561	492	460	466	444	424	425	396	384	362	371	352	365	370	390	412	439	438	449	383
253	282	292	299	330	352	379	432	421	421	412	424	429	399	381	414	378	392	407	392	412	374	373	366	365	394	335	383	370
209	252	261	246	264	340	317	433	484	449	425	398	397	366	383	393	387	381	408	369	366	364	341	354	326	327	306	335	351
239	271	292	316	293	341	377	420	436	427	390	413	404	407	376	426	420	371	448	401	391	405	386	370	354	319	285	427	460
208	245	257	301	316	397	418	469	443	460	433	456	422	421	453	396	406	374	358	353	331	343	383	316	351	369	341	353	423
243	259	241	260	273	290	331	364	394	419	422	412	445	473	459	518	450	466	438	445	383	375	336	325	344	308	355	318	339
210	232	275	259	312	363	422	454	432	480	419	426	418	405	367	371	381	350	367	367	366	373	382	381	363	402	352	386	386
226	229	228	247	295	352	340	473	403	440	401	375	449	434	418	491	473	453	393	431	391	341	369	336	313	399	358	297	352
236	264	261	271	306	349	380	456	415	458	461	415	437	441	433	426	420	416	424	417	414	421	406	397	376	434	364	372	405
236	276	326	336	358	423	463	510	458	456	476	416	418	412	396	424	402	401	401	440	437	433	429	414	414	360	414	358	375
234	280	307	333	333	377	449	464	448	466	452	429	418	405	404	410	385	385	363	450	428	441	445	430	418	425	397	376	398
186	232	249	259	283	351	399	449	440	416	390	360	359	391	380	381	396	364	360	361	367	348	370	377	341	334	346	363	354
172	200	218	217	275	291	303	383	358	382	371	378	405	368	393	415	384	393	348	372	378	383	334	349	343	382	342	346	376
182	188	210	230	249	299	337	356	335	323	341	362	351	351	387	394	366	371	386	366	356	353	359	350	369	373	347	362	400
153	190	205	248	258	325	361	360	337	347	351	333	329	369	390	385	385	377	342	365	348	369	397	385	370	363	348	341	357
197	207	221	240	291	339	347	382	356	392	371	385	381	389	392	410	397	383	389	405	367	396	395	379	369	399	374	407	465
221	240	263	273	302	347	393	415	410	390	389	415	404	435	402	406	400	402	403	414	396	412	396	411	408	424	393	370	412
204	208	224	280	323	365	421	449	446	517	442	447	466	414	404	412	381	366	404	393	379	405	410	404	391	394	370	362	390
215	240	255	271	276	330	348	366	368	362	366	397	362	365	378	360	372	377	391	406	382	411	403	379	386	378	366	405	436
220	234	260	261	324	387	416	436	408	419	417	406	401	415	384	380	377	414	412	426	422	441	440	437	383	361	369	384	401
199	221	250	282	317	348	396	378	361	386	368	400	404	384	402	422	421	400	411	410	424	400	385	388	419	413	433	418	426
228	263	237	296	318	361	391	414	389	394	403	348	403	425	380	414	401	418	427	436	375	394	396	388	402	411	412	385	420
180	210	248	257	285	359	330	393	417	365	361	345	357	359	382	382	363	363	380	387	378	349	356	378	388	379	389	353	375
159	176	200	194	230	279	306	296	293	319	333	324	338	311	341	376	357	375	402	371	391	378	396	392	404	400	408	382	435
207	207	225	226	295	336	400	413	392	373	342	346	373	343	349	339	361	362	399	417	420	396	381	412	435	430	416	422	429
